Reason_1,Reason_2,Reason_3,Reason_4,Month Value,Day of the Week,Transportation Expense,Distance to Work,Age,Daily Work Load Average,Body Mass Index,Education,Children,Pets,Absenteeism Time in Hours
0,0,0,1,7,1,289,36,33,239,30,0,2,1,4
0,0,0,0,7,1,118,13,50,239,31,0,1,0,0
0,0,0,1,7,2,179,51,38,239,31,0,0,0,2
1,0,0,0,7,3,279,5,39,239,24,0,2,0,4
0,0,0,1,7,3,289,36,33,239,30,0,2,1,2
0,0,0,1,7,4,179,51,38,239,31,0,0,0,2
0,0,0,1,7,4,361,52,28,239,27,0,1,4,8
0,0,0,1,7,4,260,50,36,239,23,0,4,0,4
0,0,1,0,7,0,155,12,34,239,25,0,2,0,40
0,0,0,1,7,0,235,11,37,239,29,1,1,1,8
1,0,0,0,7,0,260,50,36,239,23,0,4,0,8
1,0,0,0,7,1,260,50,36,239,23,0,4,0,8
1,0,0,0,7,2,260,50,36,239,23,0,4,0,8
1,0,0,0,7,2,179,51,38,239,31,0,0,0,1
0,0,0,1,7,2,179,51,38,239,31,0,0,0,4
1,0,0,0,7,4,246,25,41,239,23,0,0,0,8
0,0,0,1,7,4,179,51,38,239,31,0,0,0,2
0,0,1,0,7,0,179,51,38,239,31,0,0,0,8
1,0,0,0,7,3,189,29,33,239,25,0,2,2,8
0,0,0,1,8,2,248,25,47,205,32,0,2,1,2
1,0,0,0,8,2,330,16,28,205,25,1,0,0,8
1,0,0,0,8,0,179,51,38,205,31,0,0,0,1
1,0,0,0,8,0,361,52,28,205,27,0,1,4,40
0,0,0,1,8,4,260,50,36,205,23,0,4,0,4
0,0,1,0,8,0,289,36,33,205,30,0,2,1,8
0,0,0,1,8,0,361,52,28,205,27,0,1,4,7
0,0,0,1,8,1,289,36,33,205,30,0,2,1,1
0,0,0,1,8,2,157,27,29,205,22,0,0,0,4
0,0,1,0,8,2,289,36,33,205,30,0,2,1,8
0,0,0,1,8,4,179,51,38,205,31,0,0,0,2
0,0,1,0,8,0,179,51,38,205,31,0,0,0,8
0,0,1,0,8,3,235,29,48,205,33,0,1,5,8
0,0,0,1,8,3,235,11,37,205,29,1,1,1,4
0,0,1,0,8,0,235,29,48,205,33,0,1,5,8
0,0,0,1,8,0,179,51,38,205,31,0,0,0,2
0,0,0,1,8,0,361,52,28,205,27,0,1,4,1
0,0,0,1,8,1,289,36,33,205,30,0,2,1,8
1,0,0,0,8,3,291,50,32,205,23,0,0,0,4
0,0,0,1,8,4,235,29,48,205,33,0,1,5,8
0,0,0,1,8,4,260,50,36,205,23,0,4,0,4
0,0,0,1,9,1,184,42,27,241,21,0,0,0,2
0,0,0,1,9,0,118,10,37,241,28,0,0,0,4
0,0,0,1,9,1,179,51,38,241,31,0,0,0,4
0,0,1,0,9,1,235,20,43,241,38,0,1,0,8
0,0,0,1,9,2,155,12,34,241,25,0,2,0,2
0,0,0,1,9,6,118,10,37,241,28,0,0,0,3
0,0,0,1,9,0,179,51,38,241,31,0,0,0,3
0,0,0,1,9,3,291,31,40,241,25,0,1,1,4
0,0,0,1,9,4,260,50,36,241,23,0,4,0,8
1,0,0,0,9,0,291,31,40,241,25,0,1,1,32
0,0,0,0,9,0,260,50,36,241,23,0,4,0,0
0,0,0,0,9,0,225,26,28,241,24,0,1,2,0
0,0,0,1,9,1,225,26,28,241,24,0,1,2,2
0,0,0,1,9,1,118,10,37,241,28,0,0,0,2
0,0,0,0,9,1,289,36,33,241,30,0,2,1,0
0,0,0,0,9,1,118,13,50,241,31,0,1,0,0
0,0,1,0,9,2,225,26,28,241,24,0,1,2,3
0,0,0,1,9,2,179,51,38,241,31,0,0,0,3
0,0,0,0,9,2,369,17,31,241,25,0,3,0,0
0,0,0,1,9,4,248,25,47,241,32,0,2,1,1
0,0,0,1,9,4,179,51,38,241,31,0,0,0,3
0,0,0,1,9,4,260,50,36,241,23,0,4,0,4
0,0,0,1,10,1,179,51,38,253,31,0,0,0,3
0,0,0,1,10,1,118,10,37,253,28,0,0,0,3
0,0,0,0,10,2,118,13,50,253,31,0,1,0,0
0,0,0,1,10,3,179,26,30,253,19,1,0,0,1
0,0,0,1,10,4,179,51,38,253,31,0,0,0,3
0,0,0,1,10,4,225,26,28,253,24,0,1,2,3
0,0,0,1,10,1,118,10,37,253,28,0,0,0,3
0,0,0,1,10,2,225,26,28,253,24,0,1,2,2
0,0,0,1,10,2,248,25,47,253,32,0,2,1,2
0,0,0,1,10,3,291,31,40,253,25,0,1,1,5
0,0,0,1,10,2,179,51,38,253,31,0,0,0,8
0,0,0,1,10,2,225,26,28,253,24,0,1,2,3
0,0,1,0,10,3,260,50,36,253,23,0,4,0,16
1,0,0,0,10,1,291,31,40,253,25,0,1,1,8
0,0,0,1,10,1,225,26,28,253,24,0,1,2,2
0,0,0,1,10,2,289,36,33,253,30,0,2,1,8
0,0,0,1,10,4,361,52,28,253,27,0,1,4,1
0,0,0,1,10,4,260,50,36,253,23,0,4,0,3
0,0,0,1,11,3,179,51,38,306,31,0,0,0,1
0,0,0,1,11,2,225,26,28,306,24,0,1,2,1
1,0,0,0,11,3,179,51,38,306,31,0,0,0,8
0,0,1,0,11,3,179,22,40,306,22,1,2,0,8
0,0,0,1,11,3,291,31,40,306,25,0,1,1,5
1,0,0,0,11,0,155,12,34,306,25,0,2,0,32
0,0,0,1,11,0,189,29,33,306,25,0,2,2,8
1,0,0,0,11,0,291,31,40,306,25,0,1,1,40
0,0,0,1,11,2,225,26,28,306,24,0,1,2,1
1,0,0,0,11,4,155,12,34,306,25,0,2,0,8
0,0,0,1,11,2,225,26,28,306,24,0,1,2,3
0,0,1,0,11,2,179,22,40,306,22,1,2,0,8
1,0,0,0,11,4,225,26,28,306,24,0,1,2,3
0,0,0,1,11,4,260,50,36,306,23,0,4,0,4
0,0,0,1,11,0,248,25,47,306,32,0,2,1,1
0,0,0,1,11,1,225,26,28,306,24,0,1,2,3
1,0,0,0,11,2,289,36,33,306,30,0,2,1,24
0,0,0,1,11,3,291,31,40,306,25,0,1,1,3
0,0,0,1,12,1,248,25,47,261,32,0,2,1,1
0,0,1,0,12,1,118,10,37,261,28,0,0,0,64
0,0,0,1,12,2,118,13,50,261,31,0,1,0,2
0,0,0,1,12,2,235,11,37,261,29,1,1,1,8
0,0,0,1,12,3,225,26,28,261,24,0,1,2,2
0,0,0,1,12,4,260,50,36,261,23,0,4,0,8
0,0,1,0,12,1,118,10,37,261,28,0,0,0,56
0,0,0,1,12,2,361,52,28,261,27,0,1,4,8
0,0,0,1,12,3,225,26,28,261,24,0,1,2,3
0,0,0,1,12,4,260,50,36,261,23,0,4,0,3
0,0,0,1,12,1,225,26,28,261,24,0,1,2,2
0,0,0,1,12,2,361,52,28,261,27,0,1,4,8
0,0,0,1,12,4,118,10,37,261,28,0,0,0,2
0,0,1,0,12,4,246,25,41,261,23,0,0,0,8
0,0,0,1,12,4,225,26,28,261,24,0,1,2,2
0,0,0,1,1,2,225,26,28,308,24,0,1,2,1
0,0,1,0,1,0,118,10,37,308,28,0,0,0,1
0,0,0,1,1,1,118,10,37,308,28,0,0,0,1
0,0,1,0,1,1,155,12,34,308,25,0,2,0,8
0,0,0,1,1,2,225,26,28,308,24,0,1,2,2
0,0,0,1,1,3,184,42,27,308,21,0,0,0,2
0,0,0,1,1,3,225,26,28,308,24,0,1,2,2
0,0,0,1,1,4,225,26,28,308,24,0,1,2,1
0,0,0,1,1,0,118,10,37,308,28,0,0,0,2
0,0,0,1,1,1,225,26,28,308,24,0,1,2,2
0,0,0,1,1,1,118,10,37,308,28,0,0,0,2
0,0,0,1,1,2,118,10,37,308,28,0,0,0,2
0,0,0,1,1,3,118,10,37,308,28,0,0,0,2
0,0,0,1,1,4,118,10,37,308,28,0,0,0,2
0,0,0,1,1,0,118,10,37,308,28,0,0,0,2
0,0,0,1,1,1,118,10,37,308,28,0,0,0,2
0,0,1,0,1,1,179,26,30,308,19,1,0,0,8
0,0,1,0,1,1,289,36,33,308,30,0,2,1,8
0,0,0,1,1,2,118,10,37,308,28,0,0,0,2
0,0,0,1,1,3,184,42,27,308,21,0,0,0,2
0,0,0,1,1,3,118,10,37,308,28,0,0,0,2
0,0,0,1,1,0,118,10,37,308,28,0,0,0,0
0,0,0,1,1,1,225,26,28,308,24,0,1,2,1
0,0,0,1,1,3,289,36,33,308,30,0,2,1,3
0,0,0,1,2,4,184,42,27,302,21,0,0,0,1
1,0,0,0,2,2,246,25,41,302,23,0,0,0,8
1,0,0,0,2,2,179,51,38,302,31,0,0,0,8
0,0,0,1,2,3,155,12,34,302,25,0,2,0,2
0,0,0,1,2,3,189,29,33,302,25,0,2,2,8
0,0,0,1,2,4,260,50,36,302,23,0,4,0,2
0,0,0,1,2,4,289,36,33,302,30,0,2,1,8
1,0,0,0,2,0,388,15,50,302,24,0,0,0,8
1,0,0,0,2,1,388,15,50,302,24,0,0,0,8
0,0,0,1,2,0,225,26,28,302,24,0,1,2,2
0,0,0,1,2,1,225,26,28,302,24,0,1,2,2
0,0,0,1,2,1,179,26,30,302,19,1,0,0,1
0,0,0,1,2,1,184,42,27,302,21,0,0,0,8
0,0,0,1,2,3,225,26,28,302,24,0,1,2,3
0,0,1,0,2,0,330,16,28,302,25,1,0,0,8
0,0,0,1,2,1,330,16,28,302,25,1,0,0,1
0,0,0,1,2,2,225,26,28,302,24,0,1,2,1
0,0,1,0,2,3,189,29,33,302,25,0,2,2,8
0,0,0,1,3,1,291,50,32,343,23,0,0,0,2
0,0,1,0,3,1,260,50,36,343,23,0,4,0,8
0,0,1,0,3,1,157,27,29,343,22,0,0,0,3
0,1,0,0,3,1,179,22,40,343,22,1,2,0,8
0,0,0,1,3,2,291,31,40,343,25,0,1,1,8
1,0,0,0,3,2,260,50,36,343,23,0,4,0,8
1,0,0,0,3,3,179,26,30,343,19,1,0,0,8
1,0,0,0,3,4,248,25,47,343,32,0,2,1,3
1,0,0,0,3,4,260,50,36,343,23,0,4,0,40
1,0,0,0,3,0,179,22,40,343,22,1,2,0,40
1,0,0,0,3,0,155,12,34,343,25,0,2,0,16
0,0,0,1,3,0,260,50,36,343,23,0,4,0,16
1,0,0,0,3,1,155,12,34,343,25,0,2,0,8
1,0,0,0,3,3,289,36,33,343,30,0,2,1,8
1,0,0,0,3,3,179,22,40,343,22,1,2,0,8
0,0,0,1,3,4,260,50,36,343,23,0,4,0,4
0,0,0,1,3,4,225,26,28,343,24,0,1,2,1
1,0,0,0,3,0,279,5,39,343,24,0,2,0,8
1,0,0,0,3,1,179,51,38,343,31,0,0,0,24
0,0,0,1,3,2,225,26,28,343,24,0,1,2,2
1,0,0,0,3,0,225,26,28,343,24,0,1,2,8
1,0,0,0,3,0,179,26,30,343,19,1,0,0,1
1,0,0,0,3,1,225,26,28,343,24,0,1,2,8
1,0,0,0,3,2,225,26,28,343,24,0,1,2,16
1,0,0,0,3,2,179,51,38,343,31,0,0,0,3
1,0,0,0,3,3,279,5,39,343,24,0,2,0,16
0,0,0,1,3,4,225,26,28,343,24,0,1,2,2
1,0,0,0,3,4,248,25,47,343,32,0,2,1,3
0,0,0,1,3,0,225,26,28,343,24,0,1,2,1
0,0,0,1,4,2,291,31,40,326,25,0,1,1,1
0,0,0,1,4,2,225,26,28,326,24,0,1,2,1
0,0,0,1,4,1,155,12,34,326,25,0,2,0,1
1,0,0,0,4,2,246,25,41,326,23,0,0,0,24
0,0,0,1,4,3,155,12,34,326,25,0,2,0,1
0,0,0,1,4,4,225,26,28,326,24,0,1,2,2
0,0,0,1,4,4,260,50,36,326,23,0,4,0,4
1,0,0,0,4,2,179,51,38,326,31,0,0,0,24
0,0,0,1,4,3,118,13,50,326,31,0,1,0,1
0,0,0,1,4,4,291,31,40,326,25,0,1,1,3
1,0,0,0,4,4,246,25,41,326,23,0,0,0,8
0,0,0,1,4,4,291,31,40,326,25,0,1,1,1
0,0,0,1,4,4,248,25,47,326,32,0,2,1,8
0,0,1,0,4,4,260,50,36,326,23,0,4,0,56
0,0,1,0,4,1,289,36,33,326,30,0,2,1,8
1,0,0,0,4,2,155,12,34,326,25,0,2,0,24
0,0,1,0,4,2,378,49,36,326,21,0,2,4,8
1,0,0,0,4,3,289,36,33,326,30,0,2,1,16
1,0,0,0,4,4,235,11,37,326,29,1,1,1,3
0,0,0,0,4,0,235,29,48,326,33,0,1,5,0
1,0,0,0,5,2,289,36,33,378,30,0,2,1,8
0,0,0,1,5,3,155,12,34,378,25,0,2,0,2
0,0,0,1,5,0,155,12,34,378,25,0,2,0,1
0,0,1,0,5,1,179,51,38,378,31,0,0,0,8
0,0,1,0,5,1,225,26,28,378,24,0,1,2,8
1,0,0,0,5,2,184,42,27,378,21,0,0,0,4
0,0,0,1,5,0,155,12,34,378,25,0,2,0,2
1,0,0,0,5,1,179,51,38,378,31,0,0,0,1
1,0,0,0,5,2,289,36,33,378,30,0,2,1,24
0,0,0,0,5,2,279,5,39,378,24,0,2,0,0
0,0,0,0,5,2,330,16,28,378,25,1,0,0,0
0,0,0,0,5,2,378,49,36,378,21,0,2,4,0
0,0,0,0,5,2,388,15,50,378,24,0,0,0,0
1,0,0,0,5,1,179,51,38,378,31,0,0,0,1
1,0,0,0,5,2,118,13,50,378,31,0,1,0,24
0,0,0,1,5,4,361,52,28,378,27,0,1,4,8
0,0,1,0,6,0,246,25,41,377,23,0,0,0,8
0,0,0,1,6,0,361,52,28,377,27,0,1,4,8
1,0,0,0,6,1,246,25,41,377,23,0,0,0,24
0,0,0,1,6,3,291,31,40,377,25,0,1,1,4
1,0,0,0,6,4,246,25,41,377,23,0,0,0,8
1,0,0,0,6,0,179,51,38,377,31,0,0,0,8
0,0,0,1,6,0,155,12,34,377,25,0,2,0,4
1,0,0,0,6,0,246,25,41,377,23,0,0,0,8
1,0,0,0,6,2,118,13,50,377,31,0,1,0,8
1,0,0,0,6,4,235,11,37,377,29,1,1,1,16
0,0,0,1,6,1,118,13,50,377,31,0,1,0,1
1,0,0,0,6,2,118,13,50,377,31,0,1,0,80
0,0,0,1,6,3,378,49,36,377,21,0,2,4,8
1,0,0,0,6,4,179,51,38,377,31,0,0,0,2
0,0,0,1,6,0,289,48,49,377,36,0,0,2,2
0,0,0,1,6,3,225,26,28,377,24,0,1,2,2
0,0,1,0,7,1,155,12,34,275,25,0,2,0,16
1,0,0,0,7,2,118,13,50,275,31,0,1,0,8
1,0,0,0,7,4,118,10,37,275,28,0,0,0,8
0,0,0,1,7,4,118,10,37,275,28,0,0,0,4
0,0,0,1,7,1,330,16,28,275,25,1,0,0,8
0,0,1,0,7,3,179,26,30,275,19,1,0,0,8
0,0,0,1,7,4,155,12,34,275,25,0,2,0,2
1,0,0,0,7,0,330,16,28,275,25,1,0,0,8
1,0,0,0,7,1,330,16,28,275,25,1,0,0,8
0,0,0,1,7,0,157,27,29,275,22,0,0,0,3
0,0,0,1,7,1,361,52,28,275,27,0,1,4,8
0,0,0,1,7,2,289,36,33,275,30,0,2,1,8
0,0,0,1,7,3,179,51,38,275,31,0,0,0,8
0,0,1,0,7,0,289,36,33,275,30,0,2,1,32
0,0,1,0,7,3,289,36,33,275,30,0,2,1,8
0,0,0,0,7,3,260,50,36,275,23,0,4,0,0
0,0,1,0,8,3,289,36,33,265,30,0,2,1,8
0,0,1,0,8,3,157,27,29,265,22,0,0,0,3
0,0,0,1,8,6,289,36,33,265,30,0,2,1,1
0,0,1,0,8,0,228,14,58,265,22,0,2,1,8
1,0,0,0,8,2,300,26,43,265,25,0,2,1,1
1,0,0,0,8,2,300,26,43,265,25,0,2,1,2
0,0,0,1,8,3,260,50,36,265,23,0,4,0,4
0,0,0,1,8,0,289,36,33,265,30,0,2,1,4
0,0,0,1,8,1,248,25,47,265,32,0,2,1,1
1,0,0,0,8,2,268,11,33,265,25,1,0,0,8
0,0,0,1,8,2,179,26,30,265,19,1,0,0,1
1,0,0,0,8,2,118,13,50,265,31,0,1,0,3
0,0,0,1,8,6,248,25,47,265,32,0,2,1,2
0,0,0,1,8,0,235,11,37,265,29,1,1,1,1
0,0,0,1,8,2,118,13,50,265,31,0,1,0,1
0,0,1,0,8,2,235,11,37,265,29,1,1,1,8
1,0,0,0,8,0,361,52,28,265,27,0,1,4,8
1,0,0,0,8,1,184,42,27,265,21,0,0,0,8
1,0,0,0,9,0,179,51,38,294,31,0,0,0,8
0,0,0,1,9,4,179,51,38,294,31,0,0,0,3
0,0,1,0,9,2,289,36,33,294,30,0,2,1,24
0,0,0,0,9,3,235,20,43,294,38,0,1,0,0
1,0,0,0,9,0,246,25,41,294,23,0,0,0,16
0,0,0,1,9,1,291,31,40,294,25,0,1,1,3
0,0,0,0,9,1,231,35,39,294,35,0,2,2,0
0,0,0,0,9,1,291,50,32,294,23,0,0,0,0
1,0,0,0,9,2,179,51,38,294,31,0,0,0,8
1,0,0,0,9,2,246,25,41,294,23,0,0,0,32
0,0,0,1,9,3,179,51,38,294,31,0,0,0,1
0,0,0,1,9,4,291,31,40,294,25,0,1,1,4
0,0,0,1,9,4,260,50,36,294,23,0,4,0,4
0,0,0,1,9,2,235,20,43,294,38,0,1,0,8
0,0,0,1,9,3,118,13,50,294,31,0,1,0,1
0,0,0,0,9,3,235,20,43,294,38,0,1,0,0
0,0,0,1,9,4,291,31,40,294,25,0,1,1,3
1,0,0,0,9,0,291,31,40,294,25,0,1,1,40
1,0,0,0,9,0,179,51,38,294,31,0,0,0,8
0,0,0,1,10,2,289,36,33,265,30,0,2,1,8
0,0,0,1,10,2,235,11,37,265,29,1,1,1,4
0,0,0,1,10,2,289,36,33,265,30,0,2,1,8
0,0,0,1,10,3,289,36,33,265,30,0,2,1,8
0,0,0,0,10,3,118,13,50,265,31,0,1,0,0
0,0,0,0,10,3,248,25,47,265,32,0,2,1,0
1,0,0,0,10,2,179,26,30,265,19,1,0,0,8
1,0,0,0,10,2,118,10,37,265,28,0,0,0,3
0,0,0,1,10,2,369,17,31,265,25,0,3,0,8
0,0,0,1,10,4,179,51,38,265,31,0,0,0,1
1,0,0,0,10,4,179,26,30,265,19,1,0,0,64
0,0,0,0,10,4,235,20,43,265,38,0,1,0,0
0,0,1,0,10,5,289,36,33,265,30,0,2,1,16
0,0,0,1,10,6,260,50,36,265,23,0,4,0,3
0,0,0,0,10,6,235,20,43,265,38,0,1,0,0
0,0,0,1,10,2,235,20,43,265,38,0,1,0,2
0,0,0,1,10,2,235,20,43,265,38,0,1,0,2
0,0,0,1,10,3,118,13,50,265,31,0,1,0,1
0,0,0,1,10,3,291,31,40,265,25,0,1,1,4
0,0,0,1,10,5,179,26,30,265,19,1,0,0,16
0,0,0,1,10,5,118,13,50,265,31,0,1,0,1
1,0,0,0,10,2,361,52,28,265,27,0,1,4,8
0,0,0,0,10,3,260,50,36,265,23,0,4,0,0
0,0,0,0,10,3,291,31,40,265,25,0,1,1,0
0,0,0,0,10,3,157,27,29,265,22,0,0,0,0
1,0,0,0,10,4,179,26,30,265,19,1,0,0,5
1,0,0,0,10,4,179,26,30,265,19,1,0,0,5
0,0,0,1,10,5,118,13,50,265,31,0,1,0,1
1,0,0,0,11,0,118,10,37,284,28,0,0,0,8
0,0,0,1,11,0,248,25,47,284,32,0,2,1,2
1,0,0,0,11,1,179,51,38,284,31,0,0,0,8
0,0,0,1,11,4,260,50,36,284,23,0,4,0,3
0,0,0,1,11,0,291,31,40,284,25,0,1,1,1
1,0,0,0,11,0,378,49,36,284,21,0,2,4,8
1,0,0,0,11,0,155,12,34,284,25,0,2,0,120
0,0,0,1,11,0,235,20,43,284,38,0,1,0,8
0,0,0,0,11,1,330,16,28,284,25,1,0,0,0
0,0,1,0,11,2,235,11,37,284,29,1,1,1,1
1,0,0,0,11,2,118,10,37,284,28,0,0,0,3
0,0,0,1,11,3,235,11,37,284,29,1,1,1,2
0,0,0,1,11,3,179,51,38,284,31,0,0,0,3
1,0,0,0,11,4,246,25,41,284,23,0,0,0,8
1,0,0,0,11,4,291,31,40,284,25,0,1,1,4
1,0,0,0,11,0,246,25,41,284,23,0,0,0,8
0,0,0,1,11,1,179,51,38,284,31,0,0,0,1
1,0,0,0,11,2,260,50,36,284,23,0,4,0,8
0,1,0,0,11,4,260,50,36,284,23,0,4,0,8
0,0,0,0,11,4,378,49,36,284,21,0,2,4,0
0,0,0,0,11,1,279,5,39,284,24,0,2,0,0
0,0,0,1,11,3,179,51,38,284,31,0,0,0,1
1,0,0,0,12,0,225,26,28,236,24,0,1,2,3
0,0,0,1,12,0,179,51,38,236,31,0,0,0,2
0,0,0,1,12,0,179,51,38,236,31,0,0,0,1
0,0,0,1,12,0,235,11,37,236,29,1,1,1,3
0,0,0,1,12,1,118,13,50,236,31,0,1,0,1
0,0,0,1,12,4,260,50,36,236,23,0,4,0,4
1,0,0,0,12,3,246,25,41,236,23,0,0,0,8
0,0,0,1,12,3,179,51,38,236,31,0,0,0,1
0,0,0,1,12,4,179,51,38,236,31,0,0,0,1
0,0,0,1,12,1,179,26,30,236,19,1,0,0,1
0,0,0,1,12,1,118,10,37,236,28,0,0,0,8
0,0,0,1,12,3,235,11,37,236,29,1,1,1,2
0,0,0,1,12,4,179,51,38,236,31,0,0,0,1
1,0,0,0,12,1,235,20,43,236,38,0,1,0,8
1,0,0,0,12,1,235,11,37,236,29,1,1,1,4
0,0,0,1,12,2,260,50,36,236,23,0,4,0,8
0,0,0,1,12,0,157,27,29,236,22,0,0,0,2
0,0,0,1,12,0,179,51,38,236,31,0,0,0,3
0,0,1,0,12,0,289,36,33,236,30,0,2,1,8
0,0,0,1,1,2,225,26,28,330,24,0,1,2,5
0,0,1,0,1,0,118,10,37,330,28,0,0,0,32
0,0,0,1,1,0,155,12,34,330,25,0,2,0,2
1,0,0,0,1,1,235,11,37,330,29,1,1,1,1
0,0,0,1,1,1,155,12,34,330,25,0,2,0,4
0,0,0,1,1,0,289,36,33,330,30,0,2,1,8
1,0,0,0,1,2,291,31,40,330,25,0,1,1,8
0,0,0,1,1,0,235,20,43,330,38,0,1,0,8
0,0,0,1,1,0,118,13,50,330,31,0,1,0,4
0,0,0,1,1,2,179,51,38,330,31,0,0,0,1
0,0,0,1,1,4,179,51,38,330,31,0,0,0,1
0,0,0,1,2,1,118,10,37,251,28,0,0,0,2
0,0,0,1,2,2,179,51,38,251,31,0,0,0,3
1,0,0,0,2,2,225,26,28,251,24,0,1,2,1
0,0,0,1,2,4,289,36,33,251,30,0,2,1,3
0,0,0,1,2,4,260,50,36,251,23,0,4,0,3
0,0,0,1,2,4,179,51,38,251,31,0,0,0,3
0,0,0,1,2,0,179,51,38,251,31,0,0,0,2
0,0,0,1,2,2,179,51,38,251,31,0,0,0,3
1,0,0,0,2,3,179,51,38,251,31,0,0,0,8
0,0,0,1,2,3,246,25,41,251,23,0,0,0,8
0,0,0,1,2,4,179,51,38,251,31,0,0,0,3
0,0,0,1,2,0,189,29,33,251,25,0,2,2,8
0,0,0,1,2,0,179,51,38,251,31,0,0,0,3
0,0,0,1,2,1,246,25,41,251,23,0,0,0,2
0,0,0,1,2,1,291,31,40,251,25,0,1,1,2
1,0,0,0,2,2,157,27,29,251,22,0,0,0,16
0,0,0,1,2,2,179,51,38,251,31,0,0,0,3
0,0,0,1,2,4,179,51,38,251,31,0,0,0,3
1,0,0,0,2,4,246,25,41,251,23,0,0,0,24
0,0,0,1,2,2,179,51,38,251,31,0,0,0,3
0,0,0,1,2,4,179,51,38,251,31,0,0,0,3
0,0,1,0,3,1,118,10,37,244,28,0,0,0,8
0,0,1,0,3,2,246,25,41,244,23,0,0,0,16
0,0,0,1,3,4,246,25,41,244,23,0,0,0,2
0,0,0,1,3,4,260,50,36,244,23,0,4,0,4
0,0,0,1,3,0,179,51,38,244,31,0,0,0,2
0,0,0,1,3,0,235,11,37,244,29,1,1,1,8
0,0,0,1,3,1,179,22,40,244,22,1,2,0,8
0,0,0,1,3,1,378,49,36,244,21,0,2,4,8
0,0,0,1,3,0,179,51,38,244,31,0,0,0,16
0,0,0,1,3,2,361,52,28,244,27,0,1,4,8
0,0,0,0,3,2,369,17,31,244,25,0,3,0,0
0,0,1,0,3,3,235,11,37,244,29,1,1,1,8
0,0,0,1,3,4,118,13,50,244,31,0,1,0,2
1,0,0,0,3,1,118,13,50,244,31,0,1,0,3
1,0,0,0,3,2,118,13,50,244,31,0,1,0,8
0,0,0,0,3,3,235,11,37,244,29,1,1,1,0
0,0,0,0,3,3,246,25,41,244,23,0,0,0,0
0,0,0,0,3,3,118,13,50,244,31,0,1,0,0
0,0,0,1,3,4,179,51,38,244,31,0,0,0,8
0,0,0,1,3,4,289,36,33,244,30,0,2,1,8
0,0,1,0,3,0,260,50,36,244,23,0,4,0,8
0,0,0,1,3,1,246,25,41,244,23,0,0,0,2
0,0,0,1,4,2,179,51,38,239,31,0,0,0,4
0,0,0,1,4,4,260,50,36,239,23,0,4,0,3
0,0,0,1,4,4,330,16,28,239,25,1,0,0,4
0,0,0,1,4,0,369,17,31,239,25,0,3,0,4
0,0,0,1,4,0,248,25,47,239,32,0,2,1,4
0,0,0,1,4,2,330,16,28,239,25,1,0,0,8
0,0,0,1,4,2,179,51,38,239,31,0,0,0,8
0,0,0,1,4,0,118,13,50,239,31,0,1,0,1
1,0,0,0,4,2,118,13,50,239,31,0,1,0,120
0,0,0,1,4,4,300,26,43,239,25,0,2,1,8
0,0,0,1,4,4,260,50,36,239,23,0,4,0,4
0,0,0,1,4,0,179,51,38,239,31,0,0,0,4
1,0,0,0,4,2,118,10,37,239,28,0,0,0,2
1,0,0,0,5,0,235,20,43,246,38,0,1,0,16
0,0,0,1,5,2,248,25,47,246,32,0,2,1,2
1,0,0,0,5,0,369,17,31,246,25,0,3,0,8
0,0,0,1,5,2,179,26,30,246,19,1,0,0,3
0,0,0,1,5,2,179,51,38,246,31,0,0,0,4
0,0,0,1,5,3,361,52,28,246,27,0,1,4,1
0,0,0,1,5,4,260,50,36,246,23,0,4,0,3
1,0,0,0,5,0,179,22,40,246,22,1,2,0,2
1,0,0,0,5,0,179,22,40,246,22,1,2,0,3
0,0,1,0,5,2,228,14,58,246,22,0,2,1,8
0,0,0,1,5,2,225,26,28,246,24,0,1,2,3
1,0,0,0,5,4,330,16,28,246,25,1,0,0,8
0,0,0,1,5,0,179,26,30,246,19,1,0,0,2
0,0,0,1,5,0,118,10,37,246,28,0,0,0,1
1,0,0,0,5,0,235,11,37,246,29,1,1,1,8
0,0,0,1,5,2,179,26,30,246,19,1,0,0,3
0,0,0,1,6,0,118,10,37,253,28,0,0,0,3
0,0,0,1,6,0,179,51,38,253,31,0,0,0,3
0,0,0,1,6,1,118,10,37,253,28,0,0,0,2
0,0,0,1,6,3,225,26,28,253,24,0,1,2,4
0,0,0,1,6,4,260,50,36,253,23,0,4,0,4
0,0,0,0,6,4,179,51,38,253,31,0,0,0,0
1,0,0,0,6,0,291,31,40,253,25,0,1,1,40
0,0,0,1,6,0,179,51,38,253,31,0,0,0,24
0,0,0,1,6,1,246,25,41,253,23,0,0,0,3
0,0,0,1,6,0,179,51,38,253,31,0,0,0,4
0,0,0,1,6,1,235,20,43,253,38,0,1,0,8
0,0,0,1,6,0,179,51,38,253,31,0,0,0,2
0,0,0,1,6,2,225,26,28,253,24,0,1,2,2
0,0,0,1,6,2,118,13,50,253,31,0,1,0,2
1,0,0,0,6,2,179,51,38,253,31,0,0,0,8
0,0,1,0,6,2,179,26,30,253,19,1,0,0,2
0,0,0,1,6,4,246,25,41,253,23,0,0,0,2
1,0,0,0,6,1,330,16,28,253,25,1,0,0,1
1,0,0,0,6,1,235,11,37,253,29,1,1,1,8
0,0,0,1,7,3,179,26,30,230,19,1,0,0,2
0,0,0,1,7,3,225,26,28,230,24,0,1,2,4
1,0,0,0,7,4,260,50,36,230,23,0,4,0,8
1,0,0,0,7,0,268,11,33,230,25,1,0,0,8
0,0,0,1,7,4,330,16,28,230,25,1,0,0,8
0,0,0,1,7,4,118,10,37,230,28,0,0,0,8
0,0,0,1,7,0,260,50,36,230,23,0,4,0,4
0,0,0,1,7,1,118,10,37,230,28,0,0,0,8
0,1,0,0,7,0,300,26,43,230,25,0,2,1,8
0,0,0,1,7,0,235,29,48,230,33,0,1,5,1
0,0,0,1,7,1,246,25,41,230,23,0,0,0,2
1,0,0,0,7,1,225,26,28,230,24,0,1,2,112
0,0,0,1,7,1,179,51,38,230,31,0,0,0,1
0,0,0,1,7,4,118,13,50,230,31,0,1,0,1
0,0,0,1,7,4,361,52,28,230,27,0,1,4,8
0,0,0,1,7,0,289,36,33,230,30,0,2,1,8
0,0,0,1,7,0,235,20,43,230,38,0,1,0,8
0,0,0,1,7,1,246,25,41,230,23,0,0,0,2
0,0,0,1,7,3,291,31,40,230,25,0,1,1,1
0,0,0,1,7,3,279,5,39,230,24,0,2,0,2
0,0,0,1,8,3,179,51,38,249,31,0,0,0,4
0,0,0,1,8,0,179,22,40,249,22,1,2,0,1
0,0,0,1,8,1,246,25,41,249,23,0,0,0,4
0,0,0,1,8,1,118,10,37,249,28,0,0,0,4
0,0,0,1,8,1,289,36,33,249,30,0,2,1,8
0,0,0,1,8,1,235,20,43,249,38,0,1,0,8
0,0,0,1,8,3,291,31,40,249,25,0,1,1,4
0,0,0,1,8,0,179,51,38,249,31,0,0,0,4
0,0,0,1,8,1,179,22,40,249,22,1,2,0,8
0,0,0,1,8,3,330,16,28,249,25,1,0,0,16
0,0,0,1,8,1,235,11,37,249,29,1,1,1,4
0,0,0,1,8,1,246,25,41,249,23,0,0,0,1
0,0,0,1,8,1,118,10,37,249,28,0,0,0,5
0,0,0,1,8,3,291,31,40,249,25,0,1,1,2
0,0,0,1,8,0,260,50,36,249,23,0,4,0,3
0,0,0,1,9,1,246,25,41,261,23,0,0,0,1
0,0,0,1,9,1,246,25,41,261,23,0,0,0,1
0,0,0,1,9,1,118,10,37,261,28,0,0,0,3
0,0,0,1,9,1,155,12,34,261,25,0,2,0,2
0,0,0,1,9,3,291,31,40,261,25,0,1,1,2
0,0,0,1,9,4,179,26,30,261,19,1,0,0,8
0,0,0,1,9,4,248,25,47,261,32,0,2,1,1
0,0,0,1,9,0,179,51,38,261,31,0,0,0,4
0,0,0,1,9,2,225,26,28,261,24,0,1,2,1
0,0,0,1,9,0,179,26,30,261,19,1,0,0,2
0,0,0,1,9,1,369,17,31,261,25,0,3,0,8
0,0,0,1,9,1,361,52,28,261,27,0,1,4,8
1,0,0,0,10,3,289,48,49,284,36,0,0,2,1
1,0,0,0,10,3,235,16,32,284,25,1,0,0,3
0,0,0,1,10,4,246,25,41,284,23,0,0,0,8
1,0,0,0,10,2,289,48,49,284,36,0,0,2,3
0,0,0,1,10,2,291,31,40,284,25,0,1,1,2
0,0,0,1,10,1,118,10,37,284,28,0,0,0,2
0,0,0,1,10,3,289,48,49,284,36,0,0,2,2
0,0,0,1,10,4,291,31,40,284,25,0,1,1,1
0,0,0,1,10,1,225,26,28,284,24,0,1,2,2
0,0,0,1,10,1,369,17,31,284,25,0,3,0,8
0,0,0,1,10,1,369,17,31,284,25,0,3,0,3
0,0,0,1,10,1,225,26,28,284,24,0,1,2,4
0,0,0,1,10,1,369,17,31,284,25,0,3,0,8
0,0,0,1,10,2,179,51,38,284,31,0,0,0,3
1,0,0,0,10,2,228,14,58,284,22,0,2,1,1
0,0,0,1,10,2,291,31,40,284,25,0,1,1,1
1,0,0,0,10,3,369,17,31,284,25,0,3,0,8
1,0,0,0,10,3,225,26,28,284,24,0,1,2,1
1,0,0,0,10,4,369,17,31,284,25,0,3,0,8
1,0,0,0,10,4,225,26,28,284,24,0,1,2,3
0,0,0,1,10,6,189,29,33,284,25,0,2,2,8
1,0,0,0,10,6,235,16,32,284,25,1,0,0,8
1,0,0,0,10,6,248,25,47,284,32,0,2,1,8
0,0,0,0,10,6,225,26,28,284,24,0,1,2,0
1,0,0,0,10,1,225,26,28,284,24,0,1,2,3
0,0,1,0,11,1,179,51,38,268,31,0,0,0,1
0,0,0,1,11,2,118,10,37,268,28,0,0,0,3
1,0,0,0,11,2,330,16,28,268,25,1,0,0,24
0,0,0,1,11,4,179,51,38,268,31,0,0,0,1
1,0,0,0,11,1,118,10,37,268,28,0,0,0,8
0,0,0,1,11,2,289,36,33,268,30,0,2,1,8
1,0,0,0,11,4,235,16,32,268,25,1,0,0,8
0,0,0,1,11,4,225,26,28,268,24,0,1,2,4
0,0,0,1,11,1,361,52,28,268,27,0,1,4,8
0,0,0,1,11,2,291,31,40,268,25,0,1,1,2
1,0,0,0,11,3,118,10,37,268,28,0,0,0,2
1,0,0,0,11,3,225,26,28,268,24,0,1,2,3
0,0,0,1,11,0,179,51,38,268,31,0,0,0,1
0,0,0,1,11,0,118,10,37,268,28,0,0,0,8
1,0,0,0,11,1,118,10,37,268,28,0,0,0,8
0,0,0,1,11,1,225,26,28,268,24,0,1,2,2
0,0,0,0,11,1,291,31,40,268,25,0,1,1,0
0,0,0,0,11,2,289,36,33,268,30,0,2,1,0
1,0,0,0,11,3,248,25,47,268,32,0,2,1,4
0,0,0,0,11,3,235,20,43,268,38,0,1,0,0
0,0,0,1,11,4,225,26,28,268,24,0,1,2,2
0,0,0,1,11,4,369,17,31,268,25,0,3,0,8
0,0,0,1,11,0,361,52,28,268,27,0,1,4,2
1,0,0,0,12,1,179,51,38,280,31,0,0,0,32
0,0,0,1,12,2,291,31,40,280,25,0,1,1,1
0,0,0,1,12,2,225,26,28,280,24,0,1,2,3
1,0,0,0,12,4,179,26,30,280,19,1,0,0,1
0,0,0,1,12,4,225,26,28,280,24,0,1,2,3
0,0,0,1,12,2,225,26,28,280,24,0,1,2,3
1,0,0,0,12,3,361,52,28,280,27,0,1,4,4
0,0,1,0,12,4,179,22,40,280,22,1,2,0,2
0,0,0,1,12,4,235,20,43,280,38,0,1,0,8
0,0,1,0,12,0,233,51,31,280,21,1,1,8,8
1,0,0,0,12,1,179,26,30,280,19,1,0,0,16
0,0,0,1,12,1,225,26,28,280,24,0,1,2,2
0,0,0,1,12,3,225,26,28,280,24,0,1,2,3
0,0,0,1,12,0,225,26,28,280,24,0,1,2,2
0,0,1,0,12,1,155,12,34,280,25,0,2,0,80
1,0,0,0,1,0,179,26,30,313,19,1,0,0,24
1,0,0,0,1,3,179,26,30,313,19,1,0,0,16
0,0,0,1,1,3,179,22,40,313,22,1,2,0,2
0,0,0,1,1,4,179,22,40,313,22,1,2,0,2
1,0,0,0,1,0,179,26,30,313,19,1,0,0,3
0,0,0,1,1,2,179,22,40,313,22,1,2,0,2
1,0,0,0,1,3,289,48,49,313,36,0,0,2,8
0,0,1,0,1,4,179,22,40,313,22,1,2,0,3
0,0,0,1,1,0,179,26,30,313,19,1,0,0,2
0,0,1,0,1,1,155,12,34,313,25,0,2,0,8
0,0,0,1,1,2,179,26,30,313,19,1,0,0,2
0,0,0,1,1,2,179,51,38,313,31,0,0,0,3
1,0,0,0,1,2,289,36,33,313,30,0,2,1,8
0,0,0,1,1,3,179,51,38,313,31,0,0,0,3
0,0,0,1,1,4,179,51,38,313,31,0,0,0,2
1,0,0,0,2,1,179,51,38,264,31,0,0,0,8
0,0,0,1,2,1,225,26,28,264,24,0,1,2,3
1,0,0,0,2,2,248,25,47,264,32,0,2,1,8
0,0,0,1,2,2,179,51,38,264,31,0,0,0,2
0,0,0,1,2,3,225,26,28,264,24,0,1,2,3
0,0,0,1,2,3,179,51,38,264,31,0,0,0,2
0,0,0,1,2,3,179,26,30,264,19,1,0,0,2
0,0,0,1,2,4,225,15,41,264,28,1,2,2,2
0,0,0,1,2,4,179,51,38,264,31,0,0,0,2
0,0,1,0,2,0,233,51,31,264,21,1,1,8,2
0,0,0,1,2,0,179,51,38,264,31,0,0,0,2
1,0,0,0,2,1,225,26,28,264,24,0,1,2,8
0,0,0,1,2,2,179,51,38,264,31,0,0,0,3
0,0,0,1,2,3,179,51,38,264,31,0,0,0,3
0,0,0,1,2,3,225,26,28,264,24,0,1,2,3
1,0,0,0,2,3,179,26,30,264,19,1,0,0,2
0,0,0,1,2,4,179,22,40,264,22,1,2,0,2
0,0,0,1,2,4,179,51,38,264,31,0,0,0,3
1,0,0,0,2,2,233,51,31,264,21,1,1,8,3
0,0,0,1,2,2,179,26,30,264,19,1,0,0,2
0,0,0,1,2,2,179,51,38,264,31,0,0,0,2
1,0,0,0,2,3,179,51,38,264,31,0,0,0,8
0,0,0,1,2,4,179,51,38,264,31,0,0,0,2
0,0,0,1,2,0,155,12,34,264,25,0,2,0,5
0,0,0,1,2,0,235,16,32,264,25,1,0,0,3
0,0,0,1,2,0,179,51,38,264,31,0,0,0,2
1,0,0,0,2,0,225,26,28,264,24,0,1,2,2
0,0,0,1,2,1,179,51,38,264,31,0,0,0,2
0,0,0,1,2,1,248,25,47,264,32,0,2,1,2
0,0,0,1,2,1,225,26,28,264,24,0,1,2,2
0,0,0,1,2,2,179,51,38,264,31,0,0,0,2
0,0,0,1,2,3,179,51,38,264,31,0,0,0,2
0,0,0,1,2,4,235,16,32,264,25,1,0,0,2
0,0,0,1,3,0,179,51,38,222,31,0,0,0,2
0,0,0,1,3,0,248,25,47,222,32,0,2,1,2
0,0,0,1,3,1,228,14,58,222,22,0,2,1,3
0,0,0,1,3,1,248,25,47,222,32,0,2,1,3
1,0,0,0,3,1,228,14,58,222,22,0,2,1,112
0,0,0,1,3,2,179,51,38,222,31,0,0,0,2
0,0,0,1,3,3,225,26,28,222,24,0,1,2,2
0,0,0,1,3,3,179,51,38,222,31,0,0,0,3
0,0,0,1,3,3,225,26,28,222,24,0,1,2,2
0,0,0,1,3,4,179,26,30,222,19,1,0,0,3
0,0,0,1,3,0,235,16,32,222,25,1,0,0,3
0,0,1,0,3,0,361,52,28,222,27,0,1,4,8
1,0,0,0,3,1,179,51,38,222,31,0,0,0,8
0,0,0,1,3,2,179,51,38,222,31,0,0,0,2
0,0,0,1,3,3,179,51,38,222,31,0,0,0,3
0,0,0,1,3,4,179,26,30,222,19,1,0,0,2
1,0,0,0,3,0,179,51,38,222,31,0,0,0,4
1,0,0,0,3,0,248,25,47,222,32,0,2,1,2
0,0,0,1,3,0,179,51,38,222,31,0,0,0,3
1,0,0,0,3,0,225,26,28,222,24,0,1,2,8
0,0,0,1,3,1,179,51,38,222,31,0,0,0,2
0,0,0,1,3,2,289,36,33,222,30,0,2,1,8
0,0,0,1,3,2,228,14,58,222,22,0,2,1,2
0,0,0,1,3,2,179,51,38,222,31,0,0,0,2
0,0,0,1,3,3,248,25,47,222,32,0,2,1,3
0,0,0,1,3,3,179,51,38,222,31,0,0,0,3
0,0,0,1,3,4,179,26,30,222,19,1,0,0,2
0,0,0,1,3,4,179,51,38,222,31,0,0,0,3
0,0,0,1,3,1,179,51,38,222,31,0,0,0,3
0,0,0,1,3,2,118,15,46,222,25,0,2,0,8
1,0,0,0,3,2,155,12,34,222,25,0,2,0,24
0,0,0,1,3,2,179,51,38,222,31,0,0,0,3
0,0,0,1,3,3,179,51,38,222,31,0,0,0,3
1,0,0,0,3,0,179,26,30,222,19,1,0,0,2
0,0,1,0,3,0,289,36,33,222,30,0,2,1,104
0,0,0,1,3,2,369,17,31,222,25,0,3,0,8
1,0,0,0,4,0,225,26,28,246,24,0,1,2,8
1,0,0,0,4,0,118,10,37,246,28,0,0,0,8
0,0,1,0,4,1,361,52,28,246,27,0,1,4,8
0,0,1,0,4,2,248,25,47,246,32,0,2,1,8
1,0,0,0,4,3,189,29,33,246,25,0,2,2,8
0,0,0,1,4,4,179,26,30,246,19,1,0,0,2
1,0,0,0,4,0,369,17,31,246,25,0,3,0,24
0,1,0,0,4,1,179,22,40,246,22,1,2,0,2
0,0,0,1,4,1,118,13,50,246,31,0,1,0,3
0,0,0,1,4,1,361,52,28,246,27,0,1,4,2
1,0,0,0,4,2,118,10,37,246,28,0,0,0,2
0,0,0,1,4,4,235,11,37,246,29,1,1,1,8
0,0,0,1,4,4,179,26,30,246,19,1,0,0,2
0,0,1,0,4,0,225,26,28,246,24,0,1,2,8
0,1,0,0,4,1,235,16,32,246,25,1,0,0,3
0,0,0,1,4,4,179,26,30,246,19,1,0,0,2
0,0,0,1,4,1,155,12,34,246,25,0,2,0,4
0,0,1,0,4,3,225,26,28,246,24,0,1,2,8
1,0,0,0,4,3,118,13,50,246,31,0,1,0,2
0,0,0,1,4,4,179,26,30,246,19,1,0,0,2
0,0,0,1,5,0,235,11,37,237,29,1,1,1,8
0,0,1,0,5,2,225,15,41,237,28,1,2,2,3
0,0,0,1,5,2,235,16,32,237,25,1,0,0,2
1,0,0,0,5,2,118,10,37,237,28,0,0,0,3
0,0,0,1,5,2,235,20,43,237,38,0,1,0,8
1,0,0,0,5,3,179,26,30,237,19,1,0,0,1
0,0,0,1,5,3,291,31,40,237,25,0,1,1,2
1,0,0,0,5,3,225,15,41,237,28,1,2,2,8
0,0,1,0,5,4,300,26,43,237,25,0,2,1,64
0,0,0,1,5,4,225,15,41,237,28,1,2,2,8
0,0,0,1,5,4,179,26,30,237,19,1,0,0,2
0,0,0,1,5,0,118,13,50,237,31,0,1,0,2
1,0,0,0,5,1,118,13,50,237,31,0,1,0,3
0,0,0,1,5,1,118,10,37,237,28,0,0,0,1
0,0,0,0,5,1,118,13,50,237,31,0,1,0,0
0,0,0,1,5,2,179,26,30,237,19,1,0,0,2
0,0,0,0,5,2,378,49,36,237,21,0,2,4,0
0,1,0,0,5,4,179,22,40,237,22,1,2,0,1
1,0,0,0,5,0,155,12,34,237,25,0,2,0,48
1,0,0,0,5,0,235,16,32,237,25,1,0,0,8
0,0,0,1,5,2,291,31,40,237,25,0,1,1,8
1,0,0,0,5,2,179,22,40,237,22,1,2,0,8
1,0,0,0,5,2,225,26,28,237,24,0,1,2,3
1,0,0,0,5,3,330,16,28,237,25,1,0,0,8
0,0,0,1,5,3,235,16,32,237,25,1,0,0,2
0,0,0,1,5,3,291,31,40,237,25,0,1,1,2
